2017-02-27,119.019997,119.199997,118.07,118.779999,1550400,118.779999
2017-02-24,118.300003,119.32,117.830002,119.309998,1938000,119.309998
2017-02-23,120.099998,120.150002,118.029999,118.830002,2381700,118.830002
2017-02-22,119.669998,119.889999,118.849998,119.470001,1981800,119.470001
2017-02-21,119.730003,120.169998,119.309998,119.629997,2032300,119.629997
2017-02-17,118.790001,119.720001,118.239998,119.669998,2140800,119.669998
2017-02-16,118.839996,119.470001,118.470001,118.93,1649300,118.93
2017-02-15,117.330002,119.089996,117.07,118.730003,1691100,118.730003
2017-02-14,117.650002,117.790001,116.669998,117.580002,1556500,117.580002
2017-02-13,117.029999,117.940002,116.199997,117.650002,1899900,117.650002
2017-02-10,116.510002,116.940002,115.029999,116.849998,2524600,116.849998
2017-02-09,116.260002,116.900002,116.019997,116.440002,1688900,116.440002
2017-02-08,115.00,116.379997,114.449997,116.129997,2590800,116.129997
2017-02-07,114.830002,115.190002,114.540001,114.959999,1641000,114.959999
2017-02-06,114.68,114.830002,113.290001,114.459999,3053000,114.459999
2017-02-03,113.550003,115.449997,113.419998,115.169998,2507500,115.169998
2017-02-02,112.82,113.580002,112.269997,113.160004,1695400,113.160004
2017-02-01,113.309998,113.639999,112.68,113.360001,1859100,113.360001
2017-01-31,113.220001,113.75,112.699997,113.379997,1680600,113.379997
2017-01-30,113.220001,113.870003,112.260002,113.82,2171800,113.82
2017-01-27,113.07,114.010002,112.75,113.989998,1696800,113.989998
2017-01-26,113.790001,114.440002,112.730003,112.879997,2745200,112.879997
2017-01-25,113.769997,114.57,113.290001,114.25,3919300,114.25
2017-01-24,111.459999,114.169998,111.339996,113.720001,3654400,113.720001
2017-01-23,110.709999,111.919998,110.300003,110.970001,2560300,110.970001
2017-01-20,110.019997,110.809998,109.57,110.709999,3144200,110.709999
2017-01-19,108.629997,109.980003,108.040001,109.790001,3090500,109.790001
2017-01-18,108.50,109.169998,107.529999,108.790001,2536900,108.790001
2017-01-17,107.790001,108.050003,107.059998,108.00,1696200,108.00
2017-01-13,108.839996,108.900002,107.980003,108.529999,1593500,108.529999
2017-01-12,107.989998,108.739998,107.160004,108.589996,1617900,108.589996
2017-01-11,108.230003,109.050003,108.00,108.989998,1781900,108.989998
2017-01-10,108.57,108.790001,107.610001,108.260002,3080000,108.260002
2017-01-09,107.959999,108.790001,107.559998,108.57,2925000,108.57
2017-01-06,105.980003,108.43,105.25,108.300003,2625600,108.300003
2017-01-05,104.129997,106.019997,103.769997,105.910004,2504000,105.910004
2017-01-04,103.739998,104.370003,103.50,104.139999,1701700,104.139999
2017-01-03,103.43,104.029999,102.809998,103.480003,2277400,103.480003
2016-12-30,104.07,104.220001,102.470001,102.949997,2079100,102.949997
2016-12-29,103.629997,104.389999,103.410004,103.68,1095000,103.68
2016-12-28,104.830002,105.160004,103.50,103.769997,1723500,103.769997
2016-12-27,105.00,105.900002,104.860001,104.980003,1047400,104.980003
2016-12-23,104.610001,105.419998,104.610001,105.019997,1047500,105.019997
2016-12-22,105.120003,105.150002,103.949997,104.720001,1717300,104.720001
2016-12-21,105.739998,106.059998,104.480003,105.510002,2507600,105.510002
2016-12-20,105.50,105.879997,104.760002,105.769997,2194100,105.769997
2016-12-19,103.57,106.080002,103.410004,105.290001,3560800,105.290001
2016-12-16,107.800003,107.800003,101.910004,103.550003,8888200,103.550003
2016-12-15,106.330002,106.480003,104.599998,105.099998,5484800,105.099998
2016-12-14,106.300003,106.790001,105.440002,105.809998,3165300,105.809998
2016-12-13,105.739998,107.599998,105.620003,106.150002,3359700,106.150002
2016-12-12,104.620003,105.239998,103.519997,105.160004,2711400,105.160004
2016-12-09,104.00,104.50,103.419998,104.309998,2616800,104.309998
2016-12-08,103.360001,104.07,102.540001,103.50,1851900,103.50
2016-12-07,100.889999,103.510002,100.889999,103.360001,2723600,103.360001
2016-12-06,101.989998,101.989998,100.709999,101.550003,2663200,101.550003
2016-12-05,100.459999,102.519997,100.160004,101.949997,2315600,101.949997
2016-12-02,99.519997,100.150002,98.00,99.730003,3509400,99.730003
2016-12-01,102.82,102.919998,98.870003,99.510002,5117800,99.510002
2016-11-30,104.989998,105.459999,102.800003,102.809998,3382600,102.809998
2016-11-29,104.269997,105.980003,104.260002,104.949997,2332500,104.949997
2016-11-28,104.809998,105.150002,104.089996,104.50,1541100,104.50
2016-11-25,104.169998,105.029999,103.900002,105.019997,937700,105.019997
2016-11-23,105.410004,105.559998,103.980003,104.209999,2134600,104.209999
2016-11-22,105.849998,106.360001,105.040001,105.209999,1693800,105.209999
2016-11-21,105.559998,106.139999,105.139999,105.650002,1804400,105.650002
2016-11-18,106.190002,106.800003,104.720001,105.019997,2354500,105.019997
2016-11-17,103.769997,105.93,103.480003,105.809998,2600400,105.809998
2016-11-16,103.610001,104.400002,102.959999,104.080002,2458200,104.080002
2016-11-15,103.139999,104.760002,102.550003,103.660004,2500700,103.660004
2016-11-14,104.120003,104.489998,101.769997,102.419998,3040500,102.419998
2016-11-11,103.620003,104.470001,102.620003,103.68,3833200,103.68
2016-11-10,108.080002,108.260002,101.660004,104.080002,7301700,104.080002
2016-11-09,105.550003,108.050003,104.519997,107.860001,3650200,107.860001
2016-11-08,108.68,109.160004,107.93,108.389999,2453700,108.389999
2016-11-07,107.660004,108.970001,107.370003,108.660004,2729900,108.660004
2016-11-04,105.849998,107.089996,105.599998,106.199997,2587500,106.199997
2016-11-03,106.540001,108.160004,106.480003,107.169998,3667000,107.169998
2016-11-02,106.849998,106.949997,105.57,105.889999,2140300,105.889999
2016-11-01,107.790001,107.970001,106.040001,106.870003,1951400,106.870003
2016-10-31,108.019997,108.290001,107.040001,107.510002,1678400,107.510002
2016-10-28,107.080002,108.32,107.050003,107.599998,1931100,107.599998
2016-10-27,108.470001,108.660004,106.690002,107.07,2393900,107.07
2016-10-26,108.739998,108.82,107.589996,107.970001,1623700,107.970001
2016-10-25,110.760002,110.769997,108.949997,109.029999,1712900,109.029999
2016-10-24,109.629997,111.089996,109.349998,110.809998,2014900,110.809998
2016-10-21,108.510002,109.169998,107.629997,109.029999,1838300,109.029999
2016-10-20,108.410004,109.379997,107.550003,109.029999,1820800,109.029999
2016-10-19,108.809998,108.889999,108.150002,108.389999,1281500,108.389999
2016-10-18,108.440002,108.82,108.010002,108.419998,1319000,108.419998
2016-10-17,108.00,108.279999,107.389999,107.489998,1136500,107.489998
2016-10-14,108.190002,109.099998,107.82,107.839996,1968000,107.839996
2016-10-13,107.129997,108.129997,106.529999,108.010002,1588500,108.010002
2016-10-12,108.419998,108.419998,106.82,108.050003,1463800,108.050003
2016-10-11,109.00,109.199997,107.040001,107.370003,1970900,107.370003
2016-10-10,109.150002,110.129997,109.150002,109.239998,1581600,109.239998
2016-10-07,109.07,109.07,107.599998,108.639999,1412700,108.639999
2016-10-06,108.720001,109.269997,108.139999,108.559998,1590800,108.559998
2016-10-05,108.57,109.330002,108.32,108.800003,1855000,108.800003
2016-10-04,108.519997,108.940002,107.849998,108.389999,1394000,108.389999
2016-10-03,108.410004,108.959999,108.160004,108.449997,1553800,108.449997
2016-09-30,108.150002,108.839996,107.440002,108.540001,3717600,108.540001
2016-09-29,109.50,109.57,107.550003,107.800003,2436900,107.800003
2016-09-28,109.480003,109.690002,108.82,109.489998,2739800,109.489998
2016-09-27,106.989998,109.760002,106.739998,109.699997,3531400,109.699997
2016-09-26,106.910004,107.57,106.529999,107.260002,2342700,107.260002
2016-09-23,107.209999,108.00,106.790001,107.470001,3087200,107.470001
2016-09-22,107.459999,108.50,107.010002,107.919998,3960300,107.919998
2016-09-21,106.540001,108.220001,105.800003,107.779999,8764500,107.779999
2016-09-20,100.160004,100.910004,99.720001,100.620003,4104900,100.620003
2016-09-19,99.209999,100.209999,99.019997,99.68,3307500,99.68
2016-09-16,99.260002,99.669998,98.32,98.93,3700600,98.93
2016-09-15,98.839996,100.040001,98.489998,99.620003,3095000,99.620003
2016-09-14,98.949997,99.550003,98.489998,98.790001,2025300,98.790001
2016-09-13,99.919998,99.919998,97.870003,98.769997,3797600,98.769997
2016-09-12,99.18,100.50,99.00,100.32,2882600,100.32
2016-09-09,100.970001,101.279999,99.379997,99.379997,3379300,99.379997
2016-09-08,102.769997,102.970001,101.620003,101.879997,2110600,101.879997
2016-09-07,103.470001,103.510002,102.580002,103.00,1386500,103.00
2016-09-06,103.330002,103.739998,103.089996,103.50,1585100,103.50
2016-09-02,103.489998,104.160004,102.949997,103.57,1719300,103.57
2016-09-01,102.230003,102.970001,101.809998,102.900002,2006600,102.900002
2016-08-31,101.660004,102.599998,101.510002,102.309998,1773000,102.309998
2016-08-30,102.089996,102.389999,101.510002,102.00,1325100,102.00
2016-08-29,101.849998,102.68,101.400002,102.300003,1161600,102.300003
2016-08-26,101.68,102.75,101.080002,102.059998,1834600,102.059998
2016-08-25,101.150002,101.790001,100.910004,101.690002,1174100,101.690002
2016-08-24,101.00,101.519997,100.690002,101.139999,1425200,101.139999
2016-08-23,100.459999,101.279999,100.239998,101.139999,1008500,101.139999
2016-08-22,100.32,100.68,99.919998,100.239998,1000800,100.239998
2016-08-19,100.309998,100.610001,99.720001,100.32,1587900,100.32
2016-08-18,99.599998,100.93,99.599998,100.669998,2027000,100.669998
2016-08-17,100.650002,100.809998,99.449997,99.699997,2123900,99.699997
2016-08-16,100.519997,100.970001,99.910004,100.599998,1649300,100.599998
2016-08-15,101.379997,101.629997,100.879997,100.93,1697600,100.93
2016-08-12,100.980003,101.199997,100.059998,101.040001,1713300,101.040001
2016-08-11,100.849998,101.93,100.589996,101.669998,2259000,101.669998
2016-08-10,99.129997,100.989998,99.089996,100.620003,2670200,100.620003
2016-08-09,98.709999,99.220001,98.470001,98.870003,1001700,98.870003
2016-08-08,98.860001,98.949997,98.300003,98.489998,1107200,98.489998
2016-08-05,97.360001,99.080002,97.150002,99.040001,1932100,99.040001
2016-08-04,96.50,97.279999,96.190002,97.089996,1282600,97.089996
2016-08-03,96.059998,96.68,95.650002,96.669998,2070700,96.669998
2016-08-02,97.379997,97.629997,95.419998,96.050003,2352700,96.050003
2016-08-01,97.75,98.160004,97.220001,97.720001,1474600,97.720001
2016-07-29,98.400002,98.550003,97.230003,97.860001,1786600,97.860001
2016-07-28,97.919998,98.610001,97.57,98.440002,1666000,98.440002
2016-07-27,97.589996,98.410004,97.389999,97.93,2312900,97.93
2016-07-26,97.809998,98.419998,97.00,97.910004,2196500,97.910004
2016-07-25,97.75,97.75,96.879997,97.32,1815100,97.32
2016-07-22,96.709999,98.239998,96.089996,98.059998,2101500,98.059998
2016-07-21,98.120003,98.43,96.080002,96.339996,2579500,96.339996
2016-07-20,98.160004,98.889999,97.849998,98.400002,1553800,98.400002
2016-07-19,97.110001,98.169998,97.00,97.790001,1797000,97.790001
2016-07-18,97.739998,98.529999,97.580002,97.790001,1544200,97.790001
2016-07-15,98.389999,98.400002,97.50,97.830002,1530100,97.830002
2016-07-14,98.00,98.139999,97.459999,97.699997,1402200,97.699997
2016-07-13,97.970001,98.379997,97.339996,97.339996,2125700,97.339996
2016-07-12,97.25,97.790001,96.699997,97.540001,2051400,97.540001
2016-07-11,96.980003,97.550003,96.809998,97.139999,1732000,97.139999
2016-07-08,95.93,96.860001,95.339996,96.790001,2023900,96.790001
2016-07-07,95.010002,95.510002,94.540001,95.139999,1576200,95.139999
2016-07-06,94.529999,95.480003,94.059998,95.18,1490300,95.18
2016-07-05,94.550003,95.610001,94.150002,94.730003,2314600,94.730003
2016-07-01,95.040001,97.139999,95.00,95.32,3001900,95.32
2016-06-30,94.480003,95.879997,94.129997,95.790001,3544700,95.790001
2016-06-29,92.910004,94.620003,92.68,94.389999,2965500,94.389999
2016-06-28,91.370003,92.650002,91.360001,92.459999,3319200,92.459999
2016-06-27,91.360001,92.029999,90.349998,90.849998,3925700,90.849998
2016-06-24,92.389999,94.349998,92.040001,92.199997,4329100,92.199997
2016-06-23,94.730003,96.279999,94.309998,96.209999,3803200,96.209999
2016-06-22,95.529999,96.50,93.860001,94.010002,10280500,94.010002
2016-06-21,98.639999,99.919998,98.129997,99.720001,6505100,99.720001
2016-06-20,97.099998,98.75,96.769997,97.989998,4310600,97.989998
2016-06-17,97.25,97.389999,95.360001,95.580002,4541500,95.580002
2016-06-16,96.50,97.300003,95.540001,97.190002,1952000,97.190002
2016-06-15,97.010002,97.830002,96.900002,97.019997,2270400,97.019997
2016-06-14,96.529999,97.260002,96.32,96.980003,1889800,96.980003
2016-06-13,96.870003,98.089996,96.699997,96.959999,2291500,96.959999
2016-06-10,96.889999,97.870003,96.75,97.089996,1863800,97.089996
2016-06-09,98.360001,98.699997,97.849998,98.07,1609400,98.07
2016-06-08,98.449997,98.910004,97.989998,98.68,2078700,98.68
2016-06-07,99.510002,99.669998,98.470001,98.519997,2143900,98.519997
2016-06-06,99.160004,99.489998,98.470001,99.120003,1395800,99.120003
2016-06-03,99.519997,99.519997,97.889999,98.699997,2415900,98.699997
2016-06-02,99.980003,100.169998,99.169998,100.169998,1761700,100.169998
2016-06-01,99.239998,100.400002,98.93,100.040001,1662600,100.040001
2016-05-31,100.139999,100.559998,99.349998,99.470001,3480500,99.470001
2016-05-27,99.519997,100.139999,98.900002,100.139999,1603600,100.139999
2016-05-26,99.809998,100.330002,99.07,99.370003,1970900,99.370003
2016-05-25,99.910004,99.989998,98.800003,99.610001,1954500,99.610001
2016-05-24,97.18,99.699997,96.970001,99.629997,3014800,99.629997
2016-05-23,96.709999,97.419998,96.50,96.620003,1095900,96.620003
2016-05-20,96.099998,97.120003,95.860001,96.879997,2217900,96.879997
2016-05-19,96.410004,96.949997,95.25,95.879997,1988400,95.879997
2016-05-18,95.779999,97.43,95.50,96.699997,2010400,96.699997
2016-05-17,96.809998,97.349998,95.75,95.93,3279600,95.93
2016-05-16,95.910004,97.760002,95.910004,97.230003,1918500,97.230003
2016-05-13,95.620003,97.209999,95.370003,95.970001,2221100,95.970001
2016-05-12,96.309998,96.980003,94.93,95.959999,1198100,95.959999
2016-05-11,96.260002,97.260002,96.040001,96.099998,1569100,96.099998
2016-05-10,94.82,96.589996,94.75,96.519997,1808400,96.519997
2016-05-09,94.00,95.190002,93.870003,94.610001,1406900,94.610001
2016-05-06,93.129997,94.400002,92.57,94.300003,1462300,94.300003
2016-05-05,93.099998,94.220001,92.919998,93.50,1894800,93.50
2016-05-04,93.18,93.589996,92.550003,92.940002,1710700,92.940002
2016-05-03,94.07,94.389999,93.089996,93.660004,1811400,93.660004
2016-05-02,94.290001,94.989998,93.809998,94.900002,2330600,94.900002
2016-04-29,92.889999,94.580002,92.32,94.220001,3163800,94.220001
2016-04-28,94.800003,95.739998,93.150002,93.639999,3497700,93.639999
2016-04-27,95.720001,95.989998,94.529999,95.639999,2082800,95.639999
2016-04-26,95.959999,96.300003,95.220001,96.150002,1419300,96.150002
2016-04-25,94.379997,96.040001,94.220001,95.800003,2047000,95.800003
2016-04-22,96.169998,96.239998,93.760002,94.790001,3797900,94.790001
2016-04-21,96.209999,97.139999,95.760002,96.370003,2066900,96.370003
2016-04-20,97.00,97.00,95.760002,96.330002,2712100,96.330002
2016-04-19,97.00,97.690002,95.129997,96.519997,2507100,96.519997
2016-04-18,94.75,96.580002,94.589996,96.550003,2172700,96.550003
2016-04-15,94.660004,95.220001,94.160004,95.160004,2187400,95.160004
2016-04-14,94.339996,94.709999,94.010002,94.440002,1764000,94.440002
2016-04-13,93.82,94.599998,93.690002,94.529999,2055000,94.529999
2016-04-12,93.18,93.669998,92.220001,93.419998,2079000,93.419998
2016-04-11,94.43,94.809998,92.839996,92.949997,2165100,92.949997
2016-04-08,94.480003,94.50,93.389999,94.07,2063100,94.07
2016-04-07,94.720001,94.889999,93.190002,93.779999,2370500,93.779999
2016-04-06,94.07,95.489998,93.970001,95.400002,2705700,95.400002
2016-04-05,93.32,94.769997,93.220001,94.169998,2472600,94.169998
2016-04-04,95.419998,96.279999,94.230003,94.50,2398300,94.50
2016-04-01,93.330002,95.470001,92.769997,95.160004,3981300,95.160004
2016-03-31,93.760002,94.580002,93.230003,93.800003,6561400,93.800003
2016-03-30,93.629997,94.480003,92.980003,93.779999,6797200,93.779999
2016-03-29,91.790001,93.440002,91.760002,93.220001,4248600,93.220001
2016-03-28,92.68,92.830002,91.900002,92.400002,2283000,92.400002
2016-03-24,91.50,92.739998,91.25,92.519997,3266800,92.519997
2016-03-23,92.620003,92.940002,91.93,92.160004,2767600,92.160004
2016-03-22,92.059998,93.419998,92.050003,92.559998,4475800,92.559998
2016-03-21,92.690002,93.269997,91.330002,92.50,4657300,92.50
2016-03-18,98.00,98.00,93.110001,93.419998,12530100,93.419998
2016-03-17,88.660004,90.209999,87.25,89.959999,6914600,89.959999
2016-03-16,86.699997,88.480003,86.400002,88.169998,3383000,88.169998
2016-03-15,86.400002,87.190002,86.220001,86.830002,2909600,86.830002
2016-03-14,86.110001,87.75,85.839996,87.010002,3754500,87.010002
2016-03-11,85.199997,86.230003,84.629997,86.00,3330400,86.00
2016-03-10,85.059998,86.519997,83.589996,84.849998,2969700,84.849998
2016-03-09,84.879997,85.290001,83.25,85.269997,2491500,85.269997
2016-03-08,84.25,85.949997,83.169998,84.349998,3245700,84.349998
2016-03-07,85.580002,85.959999,84.050003,85.110001,3121300,85.110001
2016-03-04,87.93,87.940002,85.580002,86.18,3002500,86.18
2016-03-03,88.50,88.50,85.849998,87.209999,3082100,87.209999
2016-03-02,88.120003,88.550003,87.260002,88.389999,2863500,88.389999
2016-03-01,85.919998,88.400002,84.589996,88.370003,3603900,88.370003
2016-02-29,86.010002,86.190002,85.089996,85.150002,3156400,85.150002