2017-02-27,143.119995,143.919998,142.380005,143.410004,3902500,143.410004
2017-02-24,141.880005,143.559998,141.550003,143.25,3288600,143.25
2017-02-23,144.449997,144.490005,141.520004,142.779999,4657000,142.779999
2017-02-22,142.919998,144.00,142.169998,143.860001,3463000,143.860001
2017-02-21,142.990005,143.380005,141.809998,142.600006,3461800,142.600006
2017-02-17,141.75,142.899994,141.270004,142.220001,4574300,142.220001
2017-02-16,142.419998,142.440002,141.070007,142.009995,2839200,142.009995
2017-02-15,140.720001,142.429993,140.509995,142.270004,5274700,142.270004
2017-02-14,143.199997,144.110001,140.050003,140.820007,8355000,140.820007
2017-02-13,145.190002,145.949997,143.050003,143.199997,4781700,143.199997
2017-02-10,144.679993,145.300003,143.970001,144.820007,5528100,144.820007
2017-02-09,144.979996,145.089996,143.580002,144.139999,4543100,144.139999
2017-02-08,143.570007,145.070007,142.559998,144.740005,6856100,144.740005
2017-02-07,141.490005,144.279999,141.050003,144.00,8514700,144.00
2017-02-06,140.00,141.00,139.160004,140.970001,3527600,140.970001
2017-02-03,139.509995,140.639999,139.100006,140.25,3504500,140.25
2017-02-02,140.610001,141.039993,139.050003,139.199997,3443700,139.199997
2017-02-01,141.199997,142.410004,139.300003,140.779999,6013100,140.779999
2017-01-31,140.550003,141.830002,139.699997,140.710007,4361000,140.710007
2017-01-30,141.770004,141.970001,138.800003,141.220001,8104500,141.220001
2017-01-27,139.460007,142.490005,139.00,142.449997,8290200,142.449997
2017-01-26,140.449997,141.210007,138.509995,138.960007,6028400,138.960007
2017-01-25,140.800003,141.389999,139.050003,139.520004,7238100,139.520004
2017-01-24,138.110001,140.929993,137.029999,140.110001,7743200,140.110001
2017-01-23,138.649994,139.490005,137.309998,137.389999,7421000,137.389999
2017-01-20,139.360001,140.789993,137.660004,138.600006,9432700,138.600006
2017-01-19,142.009995,143.460007,138.25,138.410004,23163700,138.410004
2017-01-18,133.210007,133.649994,131.059998,133.259995,14666800,133.259995
2017-01-17,135.039993,135.399994,132.089996,132.889999,12183200,132.889999
2017-01-13,131.149994,133.929993,130.580002,133.699997,10479100,133.699997
2017-01-12,130.630005,130.850006,128.50,129.179993,5383000,129.179993
2017-01-11,130.910004,131.50,129.25,130.50,5608000,130.50
2017-01-10,131.270004,132.220001,129.289993,129.889999,5981800,129.889999
2017-01-09,131.479996,131.990005,129.889999,130.949997,5766900,130.949997
2017-01-06,132.080002,133.880005,129.809998,131.070007,10645000,131.070007
2017-01-05,129.220001,132.75,128.899994,131.809998,9646100,131.809998
2017-01-04,127.489998,130.169998,126.550003,129.410004,7821200,129.410004
2017-01-03,124.959999,128.190002,124.309998,127.489998,9421400,127.489998
2016-12-30,126.239998,126.57,123.599998,123.800003,4426500,123.800003
2016-12-29,125.949997,126.139999,124.199997,125.330002,3443700,125.330002
2016-12-28,129.070007,129.070007,125.760002,125.889999,4366700,125.889999
2016-12-27,126.239998,129.050003,125.699997,128.350006,5276200,128.350006
2016-12-23,125.610001,126.279999,125.080002,125.589996,2002100,125.589996
2016-12-22,126.839996,127.50,125.18,125.580002,4160700,125.580002
2016-12-21,125.529999,127.739998,125.00,126.50,6497200,126.50
2016-12-20,125.459999,126.300003,124.639999,125.120003,3932100,125.120003
2016-12-19,124.300003,126.440002,122.870003,125.449997,4828200,125.449997
2016-12-16,126.389999,126.68,124.010002,124.220001,7821700,124.220001
2016-12-15,123.440002,127.43,122.949997,125.00,7372400,125.00
2016-12-14,123.43,124.400002,122.50,123.440002,6065200,123.440002
2016-12-13,123.510002,125.089996,122.779999,123.779999,5523400,123.779999
2016-12-12,122.839996,124.029999,122.300003,122.830002,3906300,122.830002
2016-12-09,123.779999,124.300003,121.730003,122.879997,4694500,122.879997
2016-12-08,125.400002,126.349998,122.160004,123.239998,8982500,123.239998
2016-12-07,124.480003,125.75,123.25,125.389999,8170100,125.389999
2016-12-06,120.099998,124.790001,119.419998,124.57,11476600,124.57
2016-12-05,120.730003,120.75,118.400002,119.160004,7614400,119.160004
2016-12-02,116.75,120.980003,116.75,120.809998,8928900,120.809998
2016-12-01,117.519997,118.68,113.949997,117.220001,8636900,117.220001
2016-11-30,119.00,120.370003,116.389999,117.00,7715100,117.00
2016-11-29,117.300003,119.18,117.129997,117.510002,7082300,117.510002
2016-11-28,117.050003,117.620003,115.709999,116.93,5278900,116.93
2016-11-25,117.639999,118.389999,117.18,117.410004,1616300,117.410004
2016-11-23,117.760002,118.889999,117.309998,117.690002,4521300,117.690002
2016-11-22,118.32,119.459999,116.980003,118.040001,7007200,118.040001
2016-11-21,116.199997,118.720001,116.190002,117.959999,7064500,117.959999
2016-11-18,115.730003,116.419998,113.510002,115.209999,6746800,115.209999
2016-11-17,115.129997,116.809998,113.559998,115.029999,6232700,115.029999
2016-11-16,112.959999,116.120003,111.809998,115.190002,5933700,115.190002
2016-11-15,114.550003,116.410004,113.089996,113.589996,7445100,113.589996
2016-11-14,114.75,115.900002,110.68,113.379997,9932400,113.379997
2016-11-11,114.900002,116.629997,113.110001,114.779999,11070900,114.779999
2016-11-10,122.760002,122.970001,113.699997,115.419998,19718700,115.419998
2016-11-09,121.839996,123.650002,120.860001,122.190002,7705700,122.190002
2016-11-08,124.120003,125.809998,123.220001,124.339996,4667300,124.339996
2016-11-07,124.260002,125.75,123.370003,124.580002,5827100,124.580002
2016-11-04,122.00,123.43,121.620003,122.029999,5077700,122.029999
2016-11-03,122.309998,123.720001,121.839996,122.139999,5041300,122.139999
2016-11-02,122.830002,124.07,121.830002,122.339996,4816500,122.339996
2016-11-01,124.980003,125.830002,121.800003,123.300003,6978600,123.300003
2016-10-31,126.849998,126.900002,124.400002,124.870003,6517500,124.870003
2016-10-28,126.080002,128.929993,126.010002,126.57,7077300,126.57
2016-10-27,127.43,128.179993,125.93,126.470001,6914200,126.470001
2016-10-26,126.290001,128.720001,125.75,126.970001,8602400,126.970001
2016-10-25,126.519997,128.059998,125.75,126.510002,8253900,126.510002
2016-10-24,127.419998,129.289993,126.150002,127.330002,15980700,127.330002
2016-10-21,122.50,127.849998,122.309998,127.50,18832400,127.50
2016-10-20,121.970001,123.75,121.059998,123.349998,14492800,123.349998
2016-10-19,118.25,122.449997,118.00,121.870003,21981700,121.870003
2016-10-18,116.629997,119.82,116.50,118.790001,42168200,118.790001
2016-10-17,100.50,100.730003,98.379997,99.800003,26589500,99.800003
2016-10-14,101.589996,102.099998,100.349998,101.470001,9531100,101.470001
2016-10-13,98.010002,100.50,97.629997,100.230003,8319300,100.230003
2016-10-12,100.879997,102.470001,99.220001,99.50,7426500,99.50
2016-10-11,102.309998,102.900002,99.860001,100.589996,9032900,100.589996
2016-10-10,103.18,104.529999,102.760002,103.330002,6699700,103.330002
2016-10-07,103.980003,106.50,103.550003,104.82,8659500,104.82
2016-10-06,104.970001,105.470001,103.879997,105.07,6587700,105.07
2016-10-05,103.50,106.970001,103.43,106.279999,12942900,106.279999
2016-10-04,103.190002,104.440002,101.860001,102.339996,12143100,102.339996
2016-10-03,98.00,103.389999,98.00,102.629997,15344500,102.629997
2016-09-30,96.900002,99.529999,96.790001,98.550003,9807900,98.550003
2016-09-29,97.309998,98.309998,96.599998,96.669998,6217600,96.669998
2016-09-28,97.099998,97.589996,96.019997,97.480003,7235100,97.480003
2016-09-27,95.040001,97.639999,95.00,97.07,9680100,97.07
2016-09-26,95.379997,95.379997,94.040001,94.559998,6739200,94.559998
2016-09-23,95.75,96.970001,95.43,95.940002,6179500,95.940002
2016-09-22,95.540001,95.879997,94.230003,95.830002,11215000,95.830002
2016-09-21,96.900002,97.099998,93.260002,94.879997,20042200,94.879997
2016-09-20,98.779999,99.160004,97.660004,98.25,4736800,98.25
2016-09-19,99.900002,100.349998,97.82,98.059998,8616200,98.059998
2016-09-16,97.099998,99.489998,97.040001,99.480003,9445100,99.480003
2016-09-15,97.230003,97.970001,96.529999,97.339996,5293500,97.339996
2016-09-14,97.349998,98.349998,96.959999,97.010002,8481000,97.010002
2016-09-13,97.169998,98.00,95.330002,96.089996,11788100,96.089996
2016-09-12,95.910004,99.290001,95.709999,99.050003,7718400,99.050003
2016-09-09,99.059998,99.389999,96.50,96.50,7373300,96.50
2016-09-08,99.230003,100.050003,98.82,99.660004,5201200,99.660004
2016-09-07,100.110001,100.190002,98.419998,99.150002,6468500,99.150002
2016-09-06,97.760002,100.32,97.650002,100.089996,9036100,100.089996
2016-09-02,97.900002,98.18,97.010002,97.379997,4247200,97.379997
2016-09-01,97.809998,97.980003,96.919998,97.379997,4148600,97.379997
2016-08-31,97.480003,97.879997,96.760002,97.449997,4690600,97.449997
2016-08-30,97.839996,98.849998,97.139999,97.449997,6093500,97.449997
2016-08-29,96.970001,98.449997,96.57,97.300003,8008400,97.300003
2016-08-26,97.330002,97.949997,96.57,97.580002,6617600,97.580002
2016-08-25,96.379997,98.25,96.040001,97.32,10823100,97.32
2016-08-24,96.129997,96.360001,94.910004,95.18,6276500,95.18
2016-08-23,95.68,96.589996,95.480003,95.940002,5239100,95.940002
2016-08-22,95.669998,96.129997,94.949997,95.260002,5830500,95.260002
2016-08-19,96.050003,96.779999,95.510002,95.870003,6942900,95.870003
2016-08-18,95.980003,97.220001,95.169998,96.160004,7252600,96.160004
2016-08-17,94.940002,96.93,94.849998,96.370003,8315600,96.370003
2016-08-16,95.190002,95.610001,94.400002,95.120003,6311300,95.120003
2016-08-15,96.830002,96.910004,95.239998,95.309998,7304600,95.309998
2016-08-12,95.529999,96.830002,95.080002,96.589996,6592900,96.589996
2016-08-11,94.599998,96.330002,94.370003,95.889999,8547700,95.889999
2016-08-10,94.400002,94.75,92.949997,93.93,6511100,93.93
2016-08-09,95.120003,95.809998,93.480003,93.989998,9175400,93.989998
2016-08-08,95.910004,95.93,94.00,95.110001,10135400,95.110001
2016-08-05,93.769997,97.739998,93.559998,97.029999,18364800,97.029999
2016-08-04,93.199997,93.730003,91.82,93.440002,6043400,93.440002
2016-08-03,93.279999,94.669998,92.550003,93.099998,7030900,93.099998
2016-08-02,94.00,94.080002,92.18,93.559998,9836200,93.559998
2016-08-01,91.230003,94.669998,90.50,94.370003,10666900,94.370003
2016-07-29,91.190002,91.75,90.589996,91.25,6960200,91.25
2016-07-28,91.919998,92.209999,90.68,91.650002,6227700,91.650002
2016-07-27,91.50,92.059998,90.099998,92.040001,8727500,92.040001
2016-07-26,91.029999,93.099998,90.900002,91.410004,19577600,91.410004
2016-07-25,85.730003,87.870003,85.010002,87.660004,14135000,87.660004
2016-07-22,86.480003,86.50,85.110001,85.889999,11363900,85.889999
2016-07-21,88.300003,88.379997,85.209999,85.989998,16084000,85.989998
2016-07-20,86.669998,88.489998,85.82,87.910004,23525100,87.910004
2016-07-19,85.43,86.75,84.50,85.839996,55681200,85.839996
2016-07-18,98.43,99.839996,97.239998,98.809998,28669700,98.809998
2016-07-15,98.519997,98.699997,97.410004,98.389999,9041900,98.389999
2016-07-14,97.00,98.269997,96.800003,98.019997,9885000,98.019997
2016-07-13,96.260002,96.720001,94.800003,96.43,8768900,96.43
2016-07-12,95.07,96.720001,94.089996,95.970001,11617400,95.970001
2016-07-11,96.190002,96.870003,94.300003,94.669998,13276200,94.669998
2016-07-08,96.00,97.410004,95.300003,97.059998,8335400,97.059998
2016-07-07,94.699997,95.379997,93.18,95.099998,9913500,95.099998
2016-07-06,95.029999,96.00,93.550003,94.599998,16301200,94.599998
2016-07-05,95.199997,101.269997,93.309998,97.910004,25879400,97.910004
2016-07-01,95.00,97.00,94.800003,96.669998,16167200,96.669998
2016-06-30,90.910004,91.720001,89.900002,91.480003,9099000,91.480003
2016-06-29,89.669998,91.970001,88.699997,91.059998,11687100,91.059998
2016-06-28,87.410004,88.879997,86.410004,87.970001,11545600,87.970001
2016-06-27,87.879997,88.00,84.809998,85.330002,13730500,85.330002
2016-06-24,87.529999,90.489998,87.209999,88.440002,11248600,88.440002
2016-06-23,90.620003,91.68,88.150002,91.660004,10819000,91.660004
2016-06-22,90.779999,91.980003,89.769997,90.010002,9454700,90.010002
2016-06-21,93.870003,93.879997,90.769997,90.989998,15199700,90.989998
2016-06-20,95.220001,95.879997,93.650002,93.800003,9026400,93.800003
2016-06-17,95.75,95.769997,94.199997,94.449997,8046800,94.449997
2016-06-16,94.18,95.559998,93.25,95.440002,7550800,95.440002
2016-06-15,94.610001,95.459999,93.50,94.290001,7675400,94.290001
2016-06-14,94.160004,95.800003,93.269997,94.120003,9480400,94.120003
2016-06-13,95.019997,97.199997,93.620003,93.849998,13484300,93.849998
2016-06-10,94.879997,95.349998,93.279999,93.75,12907900,93.75
2016-06-09,97.220001,98.43,96.660004,97.089996,8923800,97.089996
2016-06-08,100.019997,100.279999,97.599998,97.860001,9423900,97.860001
2016-06-07,101.199997,101.629997,99.769997,99.889999,6474700,99.889999
2016-06-06,100.290001,101.07,99.720001,100.739998,6828100,100.739998
2016-06-03,100.989998,101.00,98.529999,99.589996,9224000,99.589996
2016-06-02,101.389999,102.150002,100.769997,101.25,7992400,101.25
2016-06-01,101.50,101.919998,100.160004,101.510002,8393400,101.510002
2016-05-31,102.949997,103.449997,102.129997,102.57,8725700,102.57
2016-05-27,102.440002,103.50,101.440002,103.300003,9078300,103.300003
2016-05-26,103.209999,104.00,101.379997,102.809998,17824700,102.809998
2016-05-25,99.00,100.309998,98.300003,100.199997,15142900,100.199997
2016-05-24,95.980003,99.139999,95.75,97.889999,21246000,97.889999
2016-05-23,92.980003,95.290001,92.849998,94.889999,13992300,94.889999
2016-05-20,90.080002,93.279999,89.980003,92.489998,15063000,92.489998
2016-05-19,90.160004,91.269997,88.300003,89.550003,11450300,89.550003
2016-05-18,88.25,91.720001,88.25,90.50,13911800,90.50
2016-05-17,89.00,90.870003,88.169998,88.629997,11571300,88.629997
2016-05-16,87.559998,90.00,86.150002,89.120003,11247800,89.120003
2016-05-13,87.389999,88.589996,86.260002,87.879997,11571400,87.879997
2016-05-12,90.32,90.410004,85.739998,87.739998,20408100,87.739998
2016-05-11,92.400002,92.589996,89.900002,90.019997,11692900,90.019997
2016-05-10,91.139999,93.25,91.089996,92.889999,11175900,92.889999
2016-05-09,90.730003,91.830002,89.900002,90.540001,9543700,90.540001
2016-05-06,88.830002,90.879997,88.110001,90.839996,10427600,90.839996
2016-05-05,90.910004,92.080002,89.25,89.370003,10368500,89.370003
2016-05-04,91.00,92.160004,90.349998,90.790001,7394700,90.790001
2016-05-03,92.080002,93.25,91.300003,91.540001,10593900,91.540001
2016-05-02,90.410004,93.220001,89.889999,93.110001,12547000,93.110001
2016-04-29,90.50,90.559998,88.209999,90.029999,13968000,90.029999
2016-04-28,91.50,92.669998,90.089996,90.279999,11474900,90.279999
2016-04-27,92.18,92.50,90.209999,91.040001,12218900,91.040001
2016-04-26,93.50,93.550003,91.25,92.43,15330900,92.43
2016-04-25,95.699997,95.75,92.800003,93.559998,14985400,93.559998
2016-04-22,94.849998,96.690002,94.209999,95.900002,15806300,95.900002
2016-04-21,97.309998,97.379997,94.779999,94.980003,19919400,94.980003
2016-04-20,94.339996,96.980003,93.139999,96.769997,26613500,96.769997
2016-04-19,99.489998,101.370003,94.199997,94.339996,55728800,94.339996
2016-04-18,109.900002,110.699997,106.019997,108.400002,27001500,108.400002
2016-04-15,110.639999,111.849998,109.779999,111.510002,11746100,111.510002
2016-04-14,110.010002,111.639999,109.150002,110.419998,9553700,110.419998
2016-04-13,108.00,111.279999,107.879997,109.650002,16701700,109.650002
2016-04-12,103.150002,107.220001,102.209999,106.980003,12437000,106.980003
2016-04-11,104.040001,104.980003,102.620003,102.68,7451300,102.68
2016-04-08,105.120003,105.330002,102.82,103.809998,7857600,103.809998
2016-04-07,104.309998,106.440002,103.599998,104.449997,10774900,104.449997
2016-04-06,105.300003,106.440002,104.25,104.830002,9605800,104.830002
2016-04-05,103.470001,105.75,103.25,104.940002,10060900,104.940002
2016-04-04,105.900002,105.919998,103.199997,104.349998,10940400,104.349998
2016-04-01,102.93,105.790001,102.470001,105.699997,14182400,105.699997
2016-03-31,102.43,103.529999,101.050003,102.230003,9747500,102.230003
2016-03-30,104.650002,104.910004,101.480003,102.190002,14705000,102.190002
2016-03-29,101.080002,104.330002,101.00,104.129997,16008900,104.129997
2016-03-28,98.339996,101.440002,97.82,101.209999,12432200,101.209999
2016-03-24,98.639999,98.849998,97.07,98.360001,10671100,98.360001
2016-03-23,99.75,100.389999,98.809998,99.589996,8313500,99.589996
2016-03-22,100.480003,101.519997,99.199997,99.839996,9069900,99.839996
2016-03-21,101.150002,102.099998,99.50,101.059998,9578500,101.059998
2016-03-18,100.50,102.410004,100.010002,101.120003,15453500,101.120003
2016-03-17,99.050003,101.389999,99.00,99.720001,13825000,99.720001
2016-03-16,97.529999,99.730003,97.50,99.349998,12630500,99.349998
2016-03-15,97.870003,98.510002,96.43,97.860001,9691800,97.860001
2016-03-14,97.199997,99.419998,97.169998,98.129997,11251900,98.129997
2016-03-11,99.510002,99.599998,96.050003,97.660004,15114300,97.660004
2016-03-10,98.18,99.739998,95.449997,97.360001,17002100,97.360001
2016-03-09,96.82,98.370003,95.00,98.00,12298700,98.00
2016-03-08,95.00,98.279999,94.50,96.230003,14797000,96.230003
2016-03-07,101.00,101.790001,95.25,95.489998,23855200,95.489998
2016-03-04,98.760002,102.220001,98.32,101.580002,23414600,101.580002
2016-03-03,97.830002,98.349998,95.389999,97.93,15320900,97.93
2016-03-02,98.010002,99.480003,95.900002,97.610001,19102800,97.610001
2016-03-01,94.580002,99.160004,93.610001,98.300003,17048800,98.300003
2016-02-29,94.809998,97.199997,93.339996,93.410004,13663100,93.410004